Template: DP_SettingsTemplate_CaveInterior
CeilingDrips: 1
Clouds: 0.506
PlacedObjects: ScavengerTreasury><682.6432><254.1947><10.32001~250.9838, LanternOnStick><343.2011><442.1129><13.65997~-98.07007, LanternOnStick><715.4362><463.0729><7.683777~-90.38626, CustomDecal><551.6846><274.0779><-21.34375~186.845~187.6987~185.1375~194.5288~-3.415009~-58.90869~-383.3338~0.1763179~1~0~ScavMark BigSun~0.5081648~0~0.5081648~0~0.5081648~0~0.5081648~0, CustomDecal><391.1113><279.9608><12.80627~273.9275~127.0825~280.7576~133.9125~-11.95255~-388.4562~22.19757~0~0.3504072~0~Scav Wedges3(vert)~0.51856~0~0.51856~0~0.51856~0~0.51856~0, CustomDecal><206.133><346.2286><-5.976288~46.83002~41.70752~50.24506~46.82999~4.268738~-276.615~-319.3025~0~1~0~ScavMark Circle~0.5~0~0.5~0~0.5~0~0.5~0, CustomDecal><216.5624><357.5679><-3.414978~26.33994~22.07129~28.04749~23.77875~0.8537292~-49.84546~-337.7061~0~1~0~ScavMark Circle~0.5~0~0.5~0~0.5~0~0.5~0, 
FadePalette: 10, 0.85375
