Template: DP_SettingsTemplate_CaveInterior
RumbleIntensity: 1
Clouds: 0.7608696
Palette: 10
EffectColorA: 3
EffectColorB: 4
PlacedObjects: CustomDecal><321.048><206.243><-2~240~301~242~309~-6~454.1276~-127.14~0.1630435~1~0~NeonEye~0.2770624~1~0.2770624~1~0.2770624~1~0.2770624~1, LanternOnStick><463.3353><205.1827><-27.32001~-78.43372, CustomDecal><116.2557><90.70503><-13.66003~177.4538~300.3937~246.6075~378.085~9.391235~276.8689~-232.3175~0~0.4060875~0~Pink Tag~0.3329617~0~0.3329617~0~0.3329617~0~0.3329617~0, 
AmbientSounds: SPOT><AM_DP-NoisyFilter.ogg><717.6851><510.1743><0.5434783><1><463.6851><330.1743><-111.3553><-98.35535><0><0.328261, 
FadePalette: 111, 0.3621738
