Template: DP_SettingsTemplate_CaveInterior
Clouds: 0.75
Grime: 0.07608695
Palette: 111
EffectColorA: 18
PlacedObjects: BrokenShelterWaterLevel><474.9371><387.3206><, LightSource><453.4351><512.6892><0.06521739~Environment~-398~-371~50~86.60254~1~0, LightSource><497.449><-41.7301><0.07608695~Environment~-541~418~50~86.60254~1~0, CustomDecal><346.1709><246.1461><-49~375~200~352~186~7~-788~-17~0.2717391~1~0~Birdy~0.4565217~1~0.4565217~1~0.4565217~1~0.4565217~1, CustomDecal><357.3767><405.0952><-8~168~208~153~186~-3~-800~-460~0.2934783~0.3369565~0~BigOrangeFaceA~0~1~1~1~1~1~1~1, 
AmbientSounds: OMNI><waterGurgleLOOP1.wav><714.5298><551.3022><0.1195652><0.4913043, OMNI><SO_SFX-UnderWaterSub.ogg><711.8032><471.7143><0.3913043><1, SPOT><SO_WAT-LightFlow.ogg><751.8598><295.1426><0.2826087><0.6478261><205.8598><37.14261><-129.3553><90.64465><0><0.7413045, SPOT><SO_WAT-DripTap.ogg><337.6032><415.1713><0.5><1><465.6032><461.1713><-33.35535><-127.3553><0><0.1869567, OMNI><AM_IND-ElectricHum03.ogg><559.0774><550.8989><0.1413043><0.4521739, OMNI><SO_SFX-Doomsday.ogg><103.7316><425.9492><0.5><0.4717391, 
FadePalette: 8, 0.6413044
