Template: NONE
Clouds: 0.1521739
Grime: 0.1086956
RandomItemDensity: 0.4021739
RandomItemSpearChance: 0.1021738
Palette: 111
EffectColorA: 18
EffectColorB: 10
Effects: BkgOnlyLightning-0.1086956-295-32, FireFlies-0.1086956-30-30, 
PlacedObjects: LanternOnStick><398.914><611.9142><66~-137, LanternOnStick><383.6657><387.1815><-60~-124, LightSource><-109.2617><616.5323><0.05434782~EffectColor1~422~37~1128~-547.3975~1~0, LightBeam><470.851><336.77><-31~357~30~456~166~30~238~-300~0.7586948~0~0~0, LightBeam><835.0219><276.8059><280~770~836~763~768~447~153.1332~-242~0.7043484~0~0~1, LightBeam><664.0502><177.0077><225~728~521~731~512~375~156~-143~0.01956575~0~0~1, CustomDecal><-101.446><130.4717><0~770~1369~763~1361~0~-191.9668~-295.4833~0~1~0~GreyBones~0.05434584~1~0.05434584~1~0.05434584~1~0.05434584~1, CustomDecal><460.4233><121.5997><-11~595~99~694~189~181~-713.0161~-284.9998~0.3478845~0.4130435~0~SGhost~0~0.6086956~1~0.6086956~0~0.6086956~1~0.6086956, CustomDecal><39.20139><127.6817><-15~218~294~189~252~0~-198~-297~0~1~0~BlackRust1~1~1~1~1~1~1~1~1, CustomDecal><572.1522><292.8992><7~459~428~475~404~85~-782.0013~-460.462~0.2934942~0.3913037~0~YellowBubbly~0~1~0~1~0~1~1~1, CustomDecal><892.2335><139.9494><9~111~271~218~336~-13~-1004~-308~0.3608385~0.5280085~0~OrangePink~1~1~1~1~0~1~1~1, CustomDecal><482.0311><387.576><-23~187~88~183~101~1~-548~-536~0.5875456~1~0~BigM~1~0~1~0~1~0~1~0, CustomDecal><346.3665><290.6434><6~208~115~222~128~76~-347~-455~0.2826087~1~0~OrangePink~1~1~1~1~1~1~1~1, CustomDecal><452.373><508.8062><-1~212~147~214~170~29~-405.0748~-677~0~1~0~BlackRust1~1~1~1~1~1~1~1~1, CustomDecal><933.9532><450.5552><19~310~231~321~40~0~-799~-617~0.06521739~0.3478261~0~OKI~0~1~1~1~0~1~1~1, CustomDecal><586.7558><571.1158><-30~234~-181~198~-168~16~-469~-738.0001~0.5753718~1~0~BigM~1~1~1~1~1~1~1~1, MultiplayerItem><783.8135><490.6945><ExplosiveSpear~-1057.759~-22.09296~1, MultiplayerItem><273.6949><595.205><Rock~-545.7957~224.0078~1, MultiplayerItem><1051.693><207.1924><Spear~-1317.68~43.44244~0.4021726, MultiplayerItem><781.3219><767.0629><Spear~-1027.682~-447.2836~0.4565214, MultiplayerItem><202.4676><787.0527><Spear~-451.3365~-401~0.4565217, MultiplayerItem><896.9829><355.4611><Rock~-1164.691~333.9998~1, MultiplayerItem><273.3404><348.9915><Rock~-544.53~403.9995~1, MultiplayerItem><768.8556><187.7465><Rock~-1027.679~437~0.8543754, MultiplayerItem><718.7792><611.9575><Rock~-992.679~-59.25613~0.8586572, MultiplayerItem><634.936><728.5825><Rock~-944.7051~85.01483~1, 
AmbientSounds: OMNI><AM_DP-SmallBells.ogg><751.414><463.6355><0.1521739><1.058696, OMNI><AM_NAT-ForestRain.ogg><751.8357><207.8859><0.6086956><1, OMNI><AM_ENV-NatWind.ogg><493.1362><85.58551><0.6086956><1, 
FadePalette: 10, 0.7065217
