DangerType: None
Clouds: 0.1521739
Grime: 0.2391304
Palette: 11
EffectColorA: 4
EffectColorB: 7
PlacedObjects: CustomDecal><526.2645><765.6995><-8~269~140~270~145~-29~259~35~0~1~0~BlackRust1~0.8260868~1~0.8260868~1~0.8260868~1~0.8260868~1, CustomDecal><769.6011><181.8274><-54~413~94~458~83~-89~197~-311~0~1~0~BlackRust1~0.3913043~1~0.3913043~1~0.3913043~1~0.3913043~1, CustomDecal><369.8546><211.8296><10~291~109~359~108~-104~-23~-406~0~1~0~BlackRust1~0.4021739~1~0.4021739~1~0.4021739~1~0.4021739~1, CustomDecal><666.4434><129.3082><4~300~-140~275~-110~6~-581~-26~0~1~0~BlackRust1~0.3913043~1~0.3913043~1~0.3913043~1~0.3913043~1, 
AmbientSounds: SPOT><SO_WAT-Splashes.ogg><12.37079><479.5906><0.2826087><1><584.3708><783.5906><209.6447><-33.35534><0.2173913><0.4478262, OMNI><waterGurgleLOOP1.wav><34.4091><211.4282><0.4347826><1, SPOT><SO_WAT-Pour.ogg><13.96594><123.5529><0.3043478><1><629.9659><196.5529><-117.3553><32.64471><0><0.328261, SPOT><SO_WAT-TapWater.ogg><789.5638><555.1895><0.3369565><1><598.5638><1132.19><15.64465><-84.35535><0><0.4152175, SPOT><SO_WAT-LightFlow.ogg><598.9203><569.8548><0.4347826><1><586.9203><986.8548><-74.35535><-27.35535><0><0.2413045, SPOT><SO_WAT-OpenFlow.ogg><735.3248><254.5964><0.3695652><1><629.3248><328.5964><-256.3553><161.6447><0><0.2304349, OMNI><SO_WAT-DripTap.ogg><33.16681><399.8603><0.2717391><1, OMNI><SO_WAT-LilDrips.ogg><32.41693><333.3181><0.3043478><1, OMNI><AM_IND-Utility02.ogg><31.40112><268.1738><0.326087><1, 
FadePalette: 111, 0.8152174, 0.5652174
